年別	實質GDP
(新台幣百萬元)	經濟成長率
(％)	平均每人GDP	平均每人GNP	消費者物價
上升率(％)
新台幣元	美元	新台幣元	美元
91		10,074,337	5.26	463,498	13,404	474,294	13,716	-0.20
92		10,443,993	3.67	474,069	13,773	488,645	14,197	-0.28
93		11,090,474	6.19	501,849	15,012	518,280	15,503	1.61
94		11,612,093	4.70	516,516	16,051	529,313	16,449	2.30
95		12,243,471	5.44	536,442	16,491	550,099	16,911	0.60
96		12,975,985	5.98	563,349	17,154	577,869	17,596	1.80
97		13,070,681	0.73	548,757	17,399	562,439	17,833	3.52
98		12,834,049	-1.81	540,813	16,359	558,751	16,901	-0.86
99		14,215,069	10.76	585,633	18,503	604,199	19,090	0.96
100		14,792,928	4.07	589,576	20,006	606,321	20,574	1.42
101(r)	14,988,594	1.32	603,593	20,386	623,004	21,042	1.93
102(f)	15,347,599	2.40	617,637	20,684	636,289	21,308	1.23